normal,1,1,1,1,1,0.5,1,0,1,1,1,1,1,1,1
fighting,2,1,0.5,0.5,1,2,0.5,0,1,1,1,1,0.5,2,1
flying,1,2,1,1,1,0.5,2,1,1,1,2,0.5,1,1,1
poison,1,1,1,5,5,5,2,5,1,1,2,1,1,1,1
ground,1,1,0,2,1,2,5,1,2,1,5,2,1,1,1
rock,1,5,2,1,5,1,2,1,2,1,1,1,1,2,1
bug,1,5,5,2,1,1,1,5,5,1,2,1,2,1,1
ghost,0,1,1,1,1,1,1,2,1,1,1,1,0,1,1
fire,1,1,1,1,1,5,2,1,5,5,2,1,1,2,5
water,1,1,1,1,2,2,1,1,2,5,5,1,1,1,5
grass,1,1,5,5,2,2,5,1,5,2,5,1,1,1,5
electric,1,1,2,1,0,1,1,1,1,2,5,5,1,1,5
psychic,1,2,1,2,1,1,1,1,1,1,1,1,5,1,1
ice,1,1,2,1,2,1,1,1,1,5,2,1,1,5,2
dragon,1,1,1,1,1,1,1,1,1,1,1,1,1,1,2